1666661161. 103

1611,166.161.616616,236,11166,-616,-611,-66616,6..6,
444 66111, 64, 623. [11666111ἶ 1116;

16116, -,.,161 (1661, 449, 606 6113611166]

[Gk. θύρα .] frequens, -tie, (161., 6111663163,

161616,-66.1.,1ο116,1166661. 107.

[1666 DHAR=hold firmly; 11616161, 6., 661616, 666, 661,
cp. 1111666, forum] (107.

1616, -616, 1., 6116666. [1666 111166,-6116,6.,661(1, 92. [ep.
BHAR=bring, 61166 which 11366,1131(166.]
6116361661] 11666666, -6, ·um, (161.,16611,

1616611, adv„ perhaps, 203. 191. [(11666,11ο6(116)ε1661.]
[1616 ; 66,] 11666, -616,1., 11666, 166.

16116, (6616., by chance, 161. 11ᾶ3-,6161666166,1.,6616, 178.
[6111. 611616] 1166616,6(16.,16ν616,392. [cp.

161616, -e, (161., 111616, 120, ete. 11666]

[1666Β111111ε11661] 11666661, -1, 6.,111666,1116, 212.

1616661666, 6,·616, superl. 61 [1666 FRUT = 1116616]
fortis. 111666, -1, (6., (11666, 436.

16111166, -66, 1., 1616666, 240, 11136, -66, 1., 1113116, 137, ete.
666. [fore] [root BHUG=bend3 cp.

1611663666, -6, -616, adj„ φεύγω]

166111, happy, 437. [1616666] 11131661611131, 16316616, 6.6.,
fitne, -a, ·um, part. 61 16-’ fiee, 341, 666. [fuge]
veo. 161, perf. 61 sum.

16666616, 1661, 166616, 66,, 1611666,-1616,6.,61166(16111616,
66611611, 18, 261; 166616, 692, 230. [=Iulgmen, 11661 161-
118. 366]

116361, -6116, 66,, 616611163 fulvus, -6, -616, adj, tawny,
sound‚154. [rootFRAG5cp. 215. [66116166161361]
116636] 11111616, -16, 6., 661611, 721.

11131666, -616, adj, 611666 [funis=rope.]

6666666, 436. tundamentum, ·i‚ 6.,166616·

1161136, -616, fregi, fractum, tion, 423. [fundare ; ep.
66.,1)16611,101,161;11666(1,66666]

119. [1666 11131111] 16616,-616,1ι1(11,11“16661,6.6,
1161613·6116,16.,111661161,130, 11661,193,412.[16661“111);
292 9116116]
116616,-616,-61,-,16616 66,,16666,-6116,6.,666611,(166111
1661,1636,66,296; 611666 66- evil, 232.

6666, 669. [6161166] 1111166,-61616,1.,116611,61.

 

